input-layer-neurons-number: 4
hidden-layer-neurons-number: 8
output-layer-neurons-number: 3
weight-between-input-layer-and-hidden-layer:
-2.53374135089531327125	1.66449036009901107924	0.17413091300238905945	2.55080134106906220026	1.88197927245630380888	0.09072088762261053263	2.96994950224014031548	1.20430202663957919285
3.89699383889340023046	-2.23988460373539499670	2.39773570452018347510	-2.70190661224091410730	0.57902816498401521450	1.61650120958481391398	-1.84779722261672940675	1.62510910221071380732
-4.26583327672644418982	2.71286471688854557982	0.35242613693546287479	3.50419442288403182317	1.50400977920846545821	-0.27075159984853547357	4.71183469233661256226	1.78048496259961130939
-4.37794287165871942591	2.49431345515071178909	1.17179060382267086204	2.95744639958511479350	2.90488967826331112576	-0.24849218564341818416	5.70244333626904431611	3.37520791368742001382
weight-between-hidden-layer-and-output-layer:
-0.98132991185176254856	-0.96440826764490505951	1.79176789536242297984
0.06834947417744392795	0.78901314211713546865	-1.16618992807489219032
0.24866825359367944470	-0.76632146609154394579	0.43035282402863550555
-0.05810447272864727869	1.04721991649289503101	-1.42465466991802958141
0.82147873657184378171	-0.66158644982871928075	-0.20403518561243130791
-0.44777011670361555051	-0.47303053500678798882	0.36017844530226816868
0.88266124889905295259	0.02031866527815044329	-1.03457083537396821171
1.05813080161506012367	-0.95789789883481546440	-0.01796656558903666004
bias-for-hidden-layer:
-0.25554810509909586802	-0.21072028872428930080	-0.75778012618821166679	0.09698353394771619396	-1.22822212479403325425	0.22715953471836317079	-1.83666620211829001441	-1.64241082370343671748	
bias-for-output-layer:
-2.03371494469355829082	-0.22508315813944859696	-0.04085407612218363432	