input-layer-neurons-number: 4
hidden-layer-neurons-number: 8
output-layer-neurons-number: 3
weight-between-input-layer-and-hidden-layer:
-3.17118529461423337423	1.67062379484134715391	0.59197944592031015443	2.40249883158384358595	2.82364764081036012655	0.29870870624028328377	3.94225660614760453626	2.08101608168658724907
4.57710832676047107981	-2.12837098452880235655	1.89897227476682273206	-2.56062275038886033585	0.06456901308036426534	1.19044673765002562149	-2.20943547945449392245	1.01165106057263676220
-5.09902546661898004032	2.94443706799371174299	0.47421428869123360972	3.67253197174335488384	2.09437101448498230738	-0.06487926498496145167	5.42855497198490333233	2.14826701971187183915
-5.04302518670080068830	2.90893344115251917259	1.06450085267500371700	3.30887192687322206908	3.32704194714241285880	-0.08857540262860660873	6.30077007315710613256	3.40427264721292432981
weight-between-hidden-layer-and-output-layer:
-0.99514125832619393375	-1.16172618517675263483	1.91083447215582147294
0.14572500193592394235	0.71267704767983297565	-1.19887968751434348391
0.25478011942728451267	-0.66526588589466417734	0.31961689942150622867
-0.06071361259706230945	1.07942386807116719183	-1.47692564237729673238
1.00174376021799349523	-0.90425903920509087541	-0.22787880384932662770
-0.35670660296889589169	-0.37385527243609945058	0.15203863737187561789
1.03080142520543671658	-0.18613694367586924860	-1.02840766065571598276
1.12045368591116889512	-1.05659331029753666975	-0.02193429565447620189
bias-for-hidden-layer:
-0.24107027454023405300	-0.21775503701194245942	-0.74546495255746603181	0.17742799306523174274	-1.36976605817039920332	0.19986882202225605965	-1.95140685996527829538	-1.68457881342202653308	
bias-for-output-layer:
-2.06933475585962023402	-0.11789120924627158327	-0.10261533713757836628	